0
0
10
0
-4
0
-1
0
0
0
5
0
-12
0
17
0
0
1
0
2
0
0
3
0
2
0
0
0
7
0
3
0
0
2
0
0
0
1
0
-38
0
5
0
2
0
3
0
-2
0
2
0
5
0
2
0
-4
0
26
0
-19
0
2
0
5
0
-2
0
7
0
-2
0
5
0
2
0
4
0
-17
0
-23
0
1
0
5
0
3
0
0
2
0
24
0
4
0
-23
0
0
5
0
-1
0
6
0
0
-2
0
0
0
0
7
0
1
0
4
0
0
0
0
0
-37
0
5
0
2
0
1
0
0
4
0
-2
0
-4
0
9
0
7
0
0
0
2
0
3
0
-2
0
0
-12
0
17
0
0
3
0
2
0
-3
0
-30
0
3
0
0
2
0
3
0
-2
0
2
0
5
0
2
0
11
0
-6
0
0
2
0
-19
0
20
0
-7
0
14
0
8
0
-7
0
2
0
-26
0
-7
0
0
0
5
0
-2
0
5
0
15
0
-13
0
5
0
0
0
1
0
4
0
3
0
-2
0
4
0
1
0
0
2
0
0
3
0
2
0
0
0
0
0
